BBA,m1,m2,m3,m4,m5,m6,m7
m1,0.0000,0.0308,0.6338,0.6623,0.0081,0.0409,0.2335
m2,0.0308,0.0000,0.7951,0.8080,0.0104,0.0248,0.3707
m3,0.6338,0.7951,0.0000,0.0237,0.7216,0.7804,0.2862
m4,0.6623,0.8080,0.0237,0.0000,0.7376,0.7570,0.3815
m5,0.0081,0.0104,0.7216,0.7376,0.0000,0.0188,0.3120
m6,0.0409,0.0248,0.7804,0.7570,0.0188,0.0000,0.4224
m7,0.2335,0.3707,0.2862,0.3815,0.3120,0.4224,0.0000
